5
amb: 0.200000 0.200000 0.200000
sphere
pos: -20.000000 0.000000 -50.000000
rad: 18.000000
dif: 1.000000 0.000000 0.500000
spe: 0.500000 0.500000 0.500000
shi: 6.000000
sphere
pos: -3.000000 0.000000 -28.000000
rad: 8.000000
dif: 0.800000 0.800000 0.000000
spe: 0.500000 0.500000 0.500000
shi: 10.000000
sphere
pos: 25.000000 0.000000 -78.000000
rad: 23.000000
dif: 0.800000 0.000000 0.000000
spe: 0.500000 0.500000 0.500000
shi: 12.000000
light
pos: 0.000000 15.000000 -35.000000
col: 1.000000 1.000000 1.000000
light
pos: -35.000000 -12.000000 -20.000000
col: 1.000000 1.000000 1.000000